100
-795.10396
338.31104
-914.10375
-336.23056
14.18608
319.4209
297.25355
-857.11795
541.24249
-707.9508
524.68
-91.183
193.27370
174.27345
457.12973
726.6367
138.8388
-569.13221
-817.32674
711.26271
-154.22953
344.9070
588.32080
-293.197
-981.17203
-134.8440
-564.28271
-555.27413
-275.32065
662.18996
-851.20401
110.18775
880.7125
-606.28445
-320.11000
-899.25361
-553.16544
-844.22361
537.17482
-301.7187
-613.16473
953.22177
-162.29828
430.17847
220.2000
-844.29665
-589.17872
227.27876
316.13509
704.10015
804.9687
-458.2263
798.5752
-960.29212
-71.16822
-309.11936
-829.2560
732.22458
-667.24497
37.11629
45.26203
652.30243
-929.19112
-725.14216
705.27721
-810.18341
-368.9036
223.31777
584.28120
-424.20062
803.11025
-16.21963
-770.8637
-536.11932
-361.23778
-283.29128
-935.22120
-671.31745
935.26518
-559.5124
371.30934
790.15720
-152.24100
35.23521
416.8995
-903.27530
289.12696
830.11703
-88.9958
410.28255
-338.18628
-718.9496
-266.18236
-615.23877
325.18870
-549.13271
-218.5792
493.1505
215.26860
-345.20935
