-981.17
-960.29
-935.22
-929.19
-914.10
-903.28
-899.25
-857.12
-851.20
-844.30
-844.22
-829.26
-817.33
-810.18
-795.10
-770.86
-725.14
-718.95
-707.95
-671.32
-667.24
-615.24
-613.16
-606.28
-589.18
-569.13
-564.28
-559.51
-555.27
-553.17
-549.13
-536.12
-458.23
-424.20
-368.90
-361.24
-345.21
-338.19
-336.23
-320.11
-309.12
-301.72
-293.20
-283.29
-275.32
-266.18
-218.58
-162.30
-154.23
-152.24
-134.84
-91.18
-89.00
-71.17
-16.22
14.19
35.24
37.12
45.26
110.19
138.84
174.27
193.27
215.27
220.20
223.32
227.28
289.13
297.25
316.14
319.42
325.19
338.31
344.91
371.31
410.28
416.90
430.18
457.13
493.15
524.68
537.17
541.24
584.28
588.32
652.30
662.19
704.10
705.28
711.26
726.64
732.22
790.16
798.58
803.11
804.97
830.12
880.71
935.27
953.22
